1
0.9231
0.9231
0.9231
1
1
1
0.2941
1
0.9231
0.9375
0.9375
1
1
0.9231
0.9231
1
1
0.9231
1
1
1
1
1
1
1
1
1
1
1
1
1
0.95
1
1
1
1
1
1
1
1
1
1
0.9286
1
1
1
1
1
1
1
1
1
1
1
1
1
1
1
1
0.9512
0.9512
0.5476
0.9762
0.9512
0.9268
0.9512
0.9756
0.9512
0.9756
0.9756
0.9268
0.9762
0.9048
0.9512
0.9024
0.9756
0.9512
0.9512
0.9512
1
0.9545
0.9583
1
0.9545
0.9545
1
0.9091
1
0.9091
1
1
0.9545
0.9545
1
1
0.9091
0.9545
0.96
0.92
1
0.2727
0.9375
1
0.9697
0.9394
1
0.9697
0.9688
0.9375
1
0.9697
0.9063
1
0.9091
0.2727
1
0.9688
0.9063
0.9063
1
0.9355
0.9677
0.9677
0.9355
0.9677
0.9677
1
1
0.9394
0.9032
1
0.9394
0.9394
1
0.9394
1
0.9355
1
0.9677
1
0.8846
0.8462
0.9615
0.9615
1
0.9615
0.8462
0.9231
0.9615
1
1
0.9615
0.9615
0.9615
1
0.8846
0.9231
0.9615
0.9231
0.973
0.9459
0.95
0.05
0.9167
0.9167
0.8889
0.9167
0.9167
0.8889
0.9167
0.8611
0.9722
0.8889
1
0.9
0.8333
0.9444
0.925
0.9
0.9394
1
0.9697
1
0.9697
0.9697
0.9697
0.9697
0.9722
1
1
0.9697
1
1
1
0.9722
1
1
0.9697
0.9697
0.9063
0.9063
0.9412
0.9412
0.9688
0.9375
0.9063
0.9688
1
0.9063
1
0.9375
0.9688
0.9375
0.9688
0.9063
0.9375
0.9375
0.9063
0.9688
0.9643
0.9643
0.9286
0.9643
0.9394
0.9697
1
0.9643
0.9643
0.9643
0.9643
1
0.9286
0.9643
1
0.9643
0.9643
1
0.9394
0.9697
1
1
1
1
0.9444
1
1
1
0.9444
0.9444
1
1
1
1
1
1
0.9444
1
1
1
0.8929
0.8571
0.9643
0.9286
1
1
0.8929
0.9286
0.8929
0.9286
0.9655
0.931
1
0.9286
1
0.9643
0.9333
0.9667
0.8929
1
1
1
1
1
1
1
1
1
1
1
1
1
1
1
1
0.8667
1
1
1
1
1
1
1
0.9667
1
0.9615
0.8846
0.9615
0.9615
0.9615
0.9231
0.9615
0.8846
0.9615
0.8846
0.8846
0.8846
0.9231
0.9615
1
1
0.95
0.95
1
1
0.95
1
1
1
0.0952
1
1
1
1
0.95
1
0.9524
1
1
0.95
0.8462
0.9615
0.8571
0.8571
1
0.9615
1
0.8077
0.9231
0.9615
1
0.8929
0.8929
0.9286
0.963
0.9259
0.9231
0.8846
1
0.9231
0.9
1
1
0.95
1
0.0345
0.9524
1
0.9
0.9
0.9565
0.1304
0.95
0.95
0.931
1
1
1
0.9565
1
0.9412
1
1
0.9474
0.9706
0.9412
0.9118
0.9412
0.9412
1
1
1
1
1
1
0.9118
1
0.5
0.9706
1
0.9375
1
0.9697
0.9394
1
0.9688
0.875
0.9375
0.9688
0.9375
0.9412
0.9412
0.3714
0.9714
0.9688
0.9688
0.9375
1
1
0.9375
0.9643
0.9643
1
1
1
1
0.9643
1
1
0.963
1
1
1
0.3214
1
0.963
0.9643
0.6786
1
0.9643
1
1
1
0.913
1
0.9565
0.9565
0.9565
0.96
0.96
0.92
0.96
0.9565
1
1
1
0.913
0.9565
1
0.913
0.9286
1
1
0.9375
0.9286
0.9286
1
0.9286
0.9286
0.9286
0.9286
0.9286
0.9286
1
0.9286
0.9286
0.9286
1
1
1
0.9444
0.9444
1
1
0.8333
1
1
1
1
1
1
0.9444
1
0.9444
0.95
0.95
0.8889
1
1
1
1
0.8889
0.4
1
1
1
1
1
1
1
0.8889
1
1
1
1
1
0.8889
1
0.8889
1
1
1
1
1
1
1
1
1
1
1
1
1
1
1
1
1
1
1
1
1
0.9615
0.8846
1
1
1
0.8846
0.9615
0.9231
0.8846
1
0.9615
0.9615
0.8846
1
1
0.9615
0.9615
1
0.8889
0.963
1
1
0.9
1
0.913
1
0.9
1
1
0.9
1
0.9
0.9565
1
0.913
1
1
1
0.9
1
1
1
1
1
1
1
1
1
1
1
1
1
1
1
1
1
1
1
1
1
0.875
1
1
0.875
0.8824
0.9412
0.875
0.875
1
0.875
0.875
0.875
1
0.9375
1
0.875
0.9375
0.9375
0.9375
0.875
0.9167
0.7917
0.875
0.9167
1
1
0.9167
0.875
1
0.9231
0.7917
0.9583
0.8333
0.9583
0.9167
0.9583
0.875
1
0.875
0.9167
0.9333
0.9333
1
0.9333
0.9333
1
1
1
1
1
1
1
0.9333
1
0.9333
0.9333
0.9333
0.9333
1
1
1
0.9444
1
1
1
1
1
0.9444
1
1
1
1
1
0.9444
0.9444
1
0.9444
1
1
0.9444
0.9333
1
1
1
1
1
0.9333
1
1
1
1
1
0.9333
1
1
0.9333
1
0.9333
1
1
1
1
1
1
1
0.8571
1
1
0.1739
1
1
1
1
0.8571
1
1
0.9048
0.9048
1
1
0.9167
0.9583
1
0.8333
0.9167
0.8333
0.84
1
0.8333
0.7917
0.28
0.8
0.4
0.84
0.44
1
1
1
1
0.84
1
1
1
1
1
1
1
1
1
1
1
1
1
1
1
1
1
1
1
1
0.9565
0.9565
0.8636
0.9091
0.8182
0.9545
0.9565
0.9565
0.8636
1
1
0.8182
0.9091
0.8636
0.9091
0.9545
1
0.913
0.9615
0.7692
1
1
1
0.8889
0.9444
0.9444
0.9444
0.9444
0.9444
0.8889
1
1
0.9444
0.8889
0.8889
1
0.9444
0.9444
0.8889
0.8889
0.8
0.84
1
1
0.84
0.96
1
0.84
0.96
0.8
1
1
0.963
0.8519
0.963
1
0.5185
0.8519
0.96
0.84
0.95
0.9
1
0.9
0.95
1
0.9
1
0.95
0.95
0.9545
0.9545
0.9
0.85
1
0.9
0.95
0.95
0.95
0.85
1
1
1
0.9474
1
1
1
1
0.9474
1
1
1
0.76
0.96
1
0.9474
0.95
0.95
1
1
0.9063
1
0.9375
0.875
0.9688
0.9063
1
1
0.9375
1
0.9688
0.875
0.9063
0.9375
1
0.9375
0.9063
0.875
0.9688
0.9375
0.9722
0.9444
0.9444
0.9167
0.9444
1
0.8919
0.9189
1
1
1
1
0.9722
0.9722
0.9722
0.8889
0.9744
0.9744
1
1
0.9583
0.7083
0.75
0.7917
0.7037
0.963
0.96
0.84
1
0.8333
0.9583
0.875
1
1
0.9583
0.9583
0.9583
0.9167
1
0.7083
0.8667
0.9333
0.2581
1
0.9333
0.9
0.9032
0.9355
0.8333
0.9333
0.9667
0.9333
1
0.9333
0.8667
0.8333
0.8387
0.871
1
0.9032
0.4348
0.913
0.9
0.75
0.95
0.8
0.9545
0.3636
1
1
0.85
0.95
0.95
0.9
0.85
0.9
0.8696
0.9565
0.9091
0.9545
1
0.9474
0.9412
1
0.9412
1
1
1
1
1
1
0.9412
0.9412
0.9412
0.9412
0.9412
1
1
1
0.9412
0.96
0.96
0.96
0.96
0.92
1
1
0.88
0.92
0.92
0.88
0.92
0.88
0.88
1
0.92
0.96
0.96
0.96
0.92
1
1
1
1
1
1
1
0.9375
1
1
0.9375
1
1
1
1
1
1
1
1
1
1
0.95
1
0.9524
0.95
0.95
1
1
0.95
1
1
1
1
1
1
1
1
1
0.95
1
1
0.9
1
1
0.9
1
0.9
0.9
0.9
0.9
0.9048
1
1
0.85
0.9
0.95
0.9545
0.9091
0.8636
1
0.9643
1
1
0.963
0.963
0.963
0.9259
0.963
0.9643
0.9643
1
1
0.963
1
1
1
0.931
1
0.9259
0.9259
1
0.9444
0.9545
1
0.1364
0.9545
1
1
1
1
1
1
1
1
0.9444
0.9444
1
0.9444
1
1
0.8636
0.8636
0.9091
0.9545
0.8696
1
0.8636
0.9091
0.8636
0.9545
1
1
0.8182
1
0.9545
0.9545
1
0.8636
0.9091
0.9091
1
0.1429
0.85
0.75
1
1
1
0.9048
1
1
0.9
0.9
1
0.8571
0.95
0.9
0.85
0.85
0.7
0.9
1
1
1
1
0.8889
1
1
0.8889
1
0.8889
1
1
1
1
1
0.8889
0.8889
1
1
0.8889
0.9655
1
1
1
1
1
1
1
1
1
1
1
1
1
1
1
1
0.9091
1
0.9524
0.9545
0.9545
1
0.9524
0.9524
1
0.9524
0.9524
1
0.9524
0.9524
0.9524
1
1
0.9524
1
1
0.9545
0.9524
1
0.96
0.96
0.9167
0.9583
1
0.9583
1
1
1
1
0.9167
0.9167
0.9583
0.9583
0.9167
0.9583
1
0.9167
0.9583
0.9167
1
1
1
1
1
1
1
1
1
1
1
0.963
1
1
0.6296
0.963
0.9259
1
0.963
1
0.9474
0.8947
0.8889
1
0.8333
1
0.8889
1
0.7778
0.8889
0.9444
0.8889
0.7778
0.8889
1
0.9
1
0.8333
1
0.8333
0.9091
0.9091
0.8696
0.913
0.8636
0.9545
0.8182
0.8636
1
0.8182
0.9091
0.9545
0.8261
0.2174
0.9091
1
0.8636
0.9091
0.8636
1
1
0.9706
1
1
0.9706
0.9706
1
1
0.9714
0.9714
0.9706
1
0.9706
0.9706
1
1
0.9714
0.9714
1
0.9706
0.1
0.9333
1
1
1
1
1
1
0.9333
1
0.9667
0.9333
0.9286
0.9643
0.9643
0.9643
0.9286
0.9643
0.8571
0.8214
0.8788
0.9394
0.9714
0.2286
1
0.9394
0.8788
0.9394
0.8857
0.8857
0.9394
0.9091
0.9697
0.9091
0.9394
0.8788
0.9091
0.9394
0.9091
1
0.9655
1
0.9655
0.931
0.931
1
0.9677
1
0.931
0.931
1
0.8966
0.8966
0.931
0.0333
0.9667
0.9655
0.8966
1
1
1
1
0.9
0.95
0.95
0.9
1
1
0.913
1
0.95
0.95
1
0.95
0.9524
0.9524
1
0.95
0.95
0.95
0.9545
0.8636
0.9091
0.9545
0.9545
0.9545
0.9091
1
1
0.08
0.9545
0.9091
0.9545
0.9545
0.9545
0.9545
0.9091
1
0.9545
1
0.9167
0.9167
0.9167
1
1
1
0.96
1
0.9167
0.875
0.9167
0.9167
0.9167
0.9583
0.9167
0.9167
0.9167
0.9167
0.9583
0.9167
0.9688
1
0.9643
0.9286
0.9286
1
1
1
0.9643
0.9643
1
0.9286
0.9643
0.9286
0.8929
0.8929
0.931
0.8966
0.9286
0.9643
0.8889
0.8889
0.8889
0.8889
1
1
0.8
1
1
0.8889
0.8889
1
0.8889
0.8889
1
1
1
1
0.9
0.9
0.9444
0.9444
0.9545
0.9545
0.9545
1
0.9444
1
0.9444
0.9444
1
1
0.9444
1
1
1
1
1
0.9444
0.9444
0.2143
0.9643
0.9565
1
0.9167
0.9583
0.8696
0.9565
0.9259
0.1111
0.913
0.8696
0.9565
0.9565
0.7826
0.8696
0.913
1
0.9583
0.9583
1
1
1
1
0.9091
1
0.4583
1
0.5833
0.9583
1
0.1154
0.9091
1
1
0.9545
0.9091
1
1
0.5833
0.8889
0.8889
0.95
0.95
0.9444
0.9444
1
0.8421
0.9444
0.8889
0.9
1
0.9444
1
0.9444
0.8889
0.8889
0.9444
0.9444
0.8889
1
0.9286
0.9286
1
0.9286
1
0.9286
1
0.9333
1
1
0.9286
1
1
1
1
1
1
1
0.9286
0.9474
0.9474
1
1
1
0.9474
1
0.9474
1
1
1
1
0.9524
0.9524
0.0476
1
1
0.9474
1
0.3333
0.9565
0.8696
0.913
0.9565
0.92
0.92
0.9565
0.913
0.913
0.913
0.8889
0.9259
0.9565
0.9565
0.9259
1
0.1111
0.963
0.963
0.963
0.9697
0.9697
0.8824
0.9706
1
0.9697
0.9394
1
0.9394
0.9394
1
0.9697
1
0.9697
0.2353
0.9706
0.9697
1
1
0.9697
1
1
1
1
1
1
1
1
1
1
1
1
1
1
1
1
1
1
1
1
1
1
0.9375
1
0.9118
1
0.9688
1
1
0.9375
0.9688
0.9375
0.9375
1
0.9714
0.9429
0.9688
0.9375
0.9375
0.9375
1
1
0.9565
1
1
1
1
1
1
0.9444
1
1
0.9444
1
1
1
0.9565
1
1
1
1
0.9375
0.9375
0.9375
0.9375
0.9375
0.9375
1
1
0.9375
1
1
1
0.9375
0.9375
0.9375
1
0.8333
0.9444
1
1
1
0.9333
1
1
0.9333
1
0.9412
0.9167
0.9167
0.9167
1
0.9231
1
0.9167
1
1
0.9167
0.9167
1
0.9444
0.8889
1
0.8824
0.9412
0.8824
0.9412
0.9412
1
1
0.9412
0.8824
0.9412
0.9412
0.9412
0.9412
0.9412
1
1
0.9412
1
0.9091
1
1
0.9565
0.2609
0.9091
0.9545
1
0.1667
0.913
0.5652
0.9583
0.2917
0.913
0.2609
0.913
0.8696
0.9545
1
1
1
1
1
0.9615
0.9615
0.963
0.963
0.9259
0.4074
0.9231
0.9615
0.9615
0.8846
0.25
1
0.9615
0.9615
0.9615
0.9615
0.9643
1
0.9615
0.9615
1
1
0.9231
0.8846
1
0.8846
1
0.9615
0.9259
1
0.9615
0.9615
1
0.9286
1
1
0.8889
0.7778
1
0.8824
1
0.9412
0.1053
0.7895
0.7647
0.9412
0.9444
0.8889
0.8824
1
0.8824
1
0.8235
0.8824
0.8235
0.9412
1
1
1
1
1
1
1
1
1
1
1
1
1
1
1
1
1
1
1
1
1
0.95
0.975
0.9
0.9744
0.9744
0.9
0.975
1
0.8974
1
0.95
0.9487
1
1
0.9487
0.9231
1
0.9744
0.9744
0.9333
0.9333
1
0.9333
0.8667
0.9333
0.9333
1
1
1
1
0.9333
1
1
0.9333
0.9333
0.9333
1
1
1
0.9474
0.9474
0.95
0.9
0.9474
0.9474
0.9
0.9
0.9474
0.9474
0.8947
1
0.8947
1
1
1
1
1
0.9
0.1
1
1
1
0.9333
1
1
1
1
1
1
1
1
1
1
1
1
1
1
1
1
1
1
0.8889
1
0.8889
0.8889
1
0.8889
1
1
1
0.8889
0.8889
1
1
1
1
1
1
0.8889
0.8571
0.9524
0.8571
0.9524
0.913
0.913
0.8636
0.9545
0.9091
0.8636
0.8182
0.9091
0.9524
1
1
0.9524
0.7619
0.8571
0.9048
0.9048
1
1
0.9545
1
1
0.913
1
0.913
1
0.913
0.9545
1
1
0.9565
0.9565
0.9565
0.9545
1
1
0.9545
0.913
1
0.9167
0.9167
0.8696
0.9565
1
0.913
0.913
0.8696
0.8261
0.913
0.913
0.913
0.8696
0.8261
0.8696
1
0.913
0.913
1
1
0.9167
1
0.9524
0.9048
1
0.9091
1
0.9091
1
0.9091
1
0.4545
1
0.9545
1
0.4783
1
0.9091
0.9412
1
0.9375
1
1
1
0.9375
1
0.9375
1
1
0.9375
1
1
1
0.9375
0.9375
1
0.9375
0.9375
0.9474
0.9474
0.8421
0.9474
0.8421
1
0.9474
1
1
0.9474
0.9474
0.9474
1
0.9474
0.9474
0.9474
0.9474
0.9474
0.9474
0.8947
1
0.9688
1
0.9688
1
0.9706
0.9697
1
0.7273
1
1
0.697
1
0.9688
1
0.7429
0.9688
0.9688
0.9688
0.9688
0.9048
0.9524
1
0.9545
1
0.8571
0.9524
0.9524
0.9524
1
0.9091
1
0.9048
0.9524
1
0.9524
0.9048
0.9524
0.9048
1
0.9286
0.8929
1
0.9643
0.9286
0.9286
0.2258
0.871
0.9286
0.9643
0.9643
1
1
0.8966
0.871
0.9355
1
0.9677
0.9286
0.8571
1
0.9524
0.8182
1
0.8571
0.8571
0.9048
0.9524
1
0.8095
0.9048
0.9048
1
0.9524
0.9048
0.9048
0.9048
0.9524
0.9048
0.9524
1
1
1
1
1
1
1
1
1
1
1
1
1
1
1
1
1
1
1
1
1
1
1
1
1
1
1
1
1
1
1
1
1
1
1
1
1
1
1
1
0.9333
0.9333
0.875
0.9375
1
0.9333
0.9333
1
0.9333
1
1
0.9333
1
1
0.9375
0.9375
1
0.9333
1
1
1
1
1
1
1
1
1
1
0.9333
0.8667
1
1
1
0.9286
0.8571
1
1
1
1
1
1
0.963
1
0.9259
1
0.963
0.9259
0.963
1
0.3448
0.963
0.9259
1
1
0.963
0.963
1
1
1
0.931
0.9545
0.9545
0.7391
0.9565
0.9545
0.9545
1
1
0.9583
0.9583
1
0.1304
1
0.7391
0.9565
0.9565
1
0.9545
1
1
1
1
1
1
1
1
1
1
1
1
1
1
1
1
1
0.3158
1
1
1
1
1
1
0.9583
1
1
1
1
1
1
0.96
1
1
1
1
1
1
1
0.2917
1
1
0.9565
0.9565
0.9565
0.9565
0.9565
0.9565
0.9565
0.913
1
0.9583
0.9565
0.9565
0.9565
0.8696
0.9565
0.9565
0.8696
1
0.9565
1
1
1
1
1
1
0.9375
1
0.9375
0.9375
1
1
1
1
1
1
1
1
1
1
1
1
0.9444
0.9444
0.9444
1
1
0.9444
1
1
1
1
1
0.9444
1
1
0.9444
0.9444
0.9444
1
0.9444
0.8846
0.8846
0.8462
0.9231
0.9615
0.8846
0.9231
0.8462
0.8846
0.9615
0.9231
0.8846
1
0.9615
1
0.9615
0.9231
0.8846
1
1
0.9333
0.9333
0.9333
0.8667
0.9333
1
1
1
0.9667
1
1
0.931
1
0.9667
1
0.1667
0.9667
0.9667
1
1
0.8077
0.9615
0.963
0.9259
0.8462
0.8462
0.9615
0.8846
0.9615
1
0.9615
0.9615
0.8462
0.9231
0.8846
0.9615
0.8077
0.9231
0.9231
0.8846
1
0.1429
0.9512
0.9512
0.9211
0.9737
0.9474
0.9474
1
0.925
0.9474
0.9474
0.9211
0.9474
0.9211
0.9211
1
0.9048
0.1429
0.9762
1
1
1
1
0.9524
1
0.9
0.95
1
0.9
0.95
1
1
0.95
1
0.95
1
0.95
1
1
0.9524
0.9048
0.9524
0.9524
0.9048
0.9048
0.9048
0.9524
0.9524
0.9048
1
0.9048
1
1
0.2917
0.9167
0.9545
0.8636
1
0.9048
0.9677
0.9677
0.9333
0.9333
0.9667
0.9333
0.9667
0.9667
0.9394
1
0.9355
0.5806
1
1
1
0.9333
1
1
0.9667
0.9667
0.9167
0.9583
0.9565
1
1
0.9565
0.9565
0.913
1
1
0.9565
1
0.913
0.913
1
0.9565
0.9583
0.9583
1
0.913
1
1
0.92
1
0.9583
1
1
1
0.963
0.3333
1
1
1
1
0.96
0.04
1
1
0.9167
0.9583
0.9412
0.9118
0.9697
0.9091
0.9091
0.9394
0.9394
0.9697
0.9697
0.9697
0.9394
0.9394
0.9091
1
0.9394
0.9697
0.9091
0.9394
0.9394
0.9697
1
1
0.8889
1
0.8889
1
0.8889
0.8889
0.9
0.9
1
0.8889
1
0.8889
1
0.8889
1
1
1
1
1
1
0.9565
0.9565
0.8696
0.9565
0.9565
0.9565
0.9565
0.913
0.9565
1
0.913
0.9565
0.9565
1
0.9565
0.9565
0.9565
0.9565
1
1
1
0.8235
0.875
0.9375
0.8667
1
0.875
1
1
1
1
0.2353
1
1
1
0.8824
0.8235
0.9412
1
0.9032
0.871
0.9677
0.9677
0.9355
0.875
0.9375
0.9032
0.9355
0.871
0.9032
0.9032
0.9677
0.9677
0.9355
0.9091
0.0909
1
0.9355
0.9524
1
0.9524
1
0.9524
0.9524
1
0.9524
0.9545
0.2273
1
1
0.9524
0.9524
0.9524
1
0.9565
0.9565
0.9524
0.9524
0.8947
1
0.8947
0.9474
1
0.8889
0.8333
1
0.8889
0.9444
0.8889
0.9444
0.8947
0.9474
0.8333
0.8333
0.8889
0.8889
1
1
1
0.9565
0.9565
1
1
1
0.913
0.913
0.9565
1
0.9167
0.9583
0.913
0.913
0.913
0.8696
0.9565
0.9565
1
0.913
1
1
1
1
1
1
1
1
1
1
1
1
1
1
1
1
0.9412
1
1
1
0.8421
0.9474
1
0.9474
0.9474
1
0.8947
0.9474
1
1
0.9474
0.9474
0.9474
1
1
0.9474
1
1
1
0.9474
0.9545
0.9545
1
0.9545
0.9545
1
0.8636
0.9091
0.913
0.9565
0.9091
0.8182
0.6087
0.913
0.913
0.913
1
0.913
1
0.9091
0.9444
0.9444
0.9444
0.9444
0.9444
0.9444
1
0.9444
0.9444
0.9444
0.8947
1
0.9444
1
0.9444
0.9444
0.9444
0.8889
1
0.9444
1
1
1
1
1
1
1
1
1
1
1
1
1
1
1
1
1
1
1
1
0.9286
1
1
1
1
1
0.9286
1
1
1
0.9286
0.9286
1
1
1
1
1
1
1
1
1
0.9474
0.95
0.85
0.9474
1
1
1
0.9474
0.9474
0.9524
0.9524
1
0.9474
1
0.9474
1
0.9474
1
0.9474
1
0.9412
0.8235
1
0.8235
1
0.9375
1
1
0.9375
0.9412
1
1
0.8125
0.8824
1
1
1
1
0.9375
0.95
1
1
0.9
0.9
0.95
0.9
0.95
1
0.95
0.9
0.95
0.9524
0.9524
0.95
0.9
0.95
0.95
1
0.95
0.9091
0.9091
0.9091
1
0.8636
0.9545
0.8636
0.9091
0.9545
0.9545
0.9545
1
0.9545
0.9091
1
1
1
0.9545
0.9545
0.9545
0.8261
1
1
1
1
0.8696
0.8636
1
0.9167
0.9167
0.9091
1
0.9545
0.8636
0.8636
0.8636
0.9091
1
0.9091
1
0.8929
1
1
0.9286
0.8571
1
0.8214
0.8929
0.9286
0.8929
1
0.9643
0.8571
0.9286
1
0.9643
0.8929
0.9643
0.9643
0.8214
0.95
0.95
0.95
0.95
0.95
0.9
0.9565
0.913
0.95
1
1
0.1905
1
0.9545
0.9091
0.9545
0.9545
0.1818
1
1
1
0.9286
0.9286
0.9286
1
0.9643
1
0.8929
0.9286
0.9643
0.8667
1
0.8571
1
0.931
1
1
0.9643
0.8929
1
1
1
1
1
1
0.8824
1
1
1
1
1
0.9412
0.8947
0.8421
1
1
1
1
0.8235
0.8235
0.9545
0.9091
1
0.9524
0.9048
1
1
0.9524
1
0.9048
0.9048
1
0.9048
0.9048
1
0.9524
1
0.9524
1
0.9048
1
0.9444
0.8947
0.8947
1
0.8235
0.9412
1
0.9474
0.7368
0.9412
0.9412
0.8824
1
0.9412
0.9412
0.9412
0.9412
0.9412
0.9412
1
1
0.8462
1
0.9286
1
1
1
0.9231
0.9231
1
0.9231
1
0.9231
0.9286
0.9286
0.6429
1
0.4286
1
1
0.875
0.85
0.95
1
0.8824
1
0.1667
0.9375
0.875
1
1
0.9444
0.8333
0.75
0.8125
0.875
1
0.9444
1
1
0.9286
0.8929
0.9286
0.8667
0.5333
0.9286
0.9286
0.8571
0.9286
0.9286
0.9643
1
0.931
0.9333
0.9333
0.9667
0.9333
1
0.9643